276584 1 2
279694 1 2235
276586 2 658
276586 680 773
276587 1 1006
279691 71 113
276581 79 444
276582 1 871
276583 1 52
275886 73 109
276361 1 161
276361 169 208
276361 210 800
276361 802 833
276363 1 140
276363 142 238
276363 242 1482
279823 61 395
284040 1 33
284041 1 44
284042 1 129
284043 1 205
284043 210 224
284044 1 30
274421 1 342
274420 94 268
274422 1 2207
280191 1 781
280191 783 866
280191 869 900
280194 1 238
277180 88 228
275125 1 989
275124 106 106
275124 108 431
277166 77 186
277166 188 431
273425 62 352
273425 354 733
277168 1 1708
277168 1711 1822
277168 1824 2223
275066 1 96
275067 1 392
277981 82 83
277981 85 163
275309 55 617
283876 65 211
283876 215 724
283877 1 1496
275068 1 915
274344 1 632
282807 1 326
282800 1 377
283408 1 27
283408 29 2088
283408 2098 2125
283408 2203 2416
283408 2528 2542
273725 83 252
273725 254 2545
274160 1 207
274161 1 516
273728 1 100
278805 3 26
278805 30 167
278805 170 193
278805 196 280
278805 283 284
278805 288 288
278804 1 4
278803 1 87
278803 91 133
278803 135 297
278803 299 323
278802 1 17
278801 48 85
278962 68 408
278963 1 23
278963 25 175
279794 77 1100
276092 74 149
275767 1 4
276543 1 638
276543 643 952
276544 2 161
276097 1 507
283059 1 125
283059 127 451
283052 1 111
283050 1 212
280330 1 857
278240 1 64
278240 70 113
278240 115 1121
278240 1123 1296
278240 1299 1309
275344 76 356
275847 1 2263
278345 84 500
278345 503 831
278346 1 117
278349 1 401
278349 403 612
278349 632 633
276244 3 1202
276243 1 15
276243 18 480
276243 482 611
276242 1 7
276242 18 61
276242 72 1664
280349 1 247
280349 252 623
280349 626 626
277305 62 744
278986 71 199
274345 1 170
283453 83 537
283478 76 303
283478 324 969
275345 1 353
276437 63 224
276437 227 1074
276437 1076 2190
273503 1 598
273502 73 256
273502 258 318
273502 320 813
273502 815 1064
277127 1 438
277127 440 902
277126 42 59
276808 1 875
276807 66 220
280017 1 608
275931 1 14
275931 19 89
280015 1 39
280015 41 56
280015 59 554
280015 560 580
280013 1 25
282923 1 17
282923 19 30
282923 32 36
282923 38 39
282923 41 86
282923 88 224
282922 1 131
282842 1 80
284006 73 390
281976 1 2166
281975 1 215
280018 1 1281
283270 76 573
283270 576 1502
283270 1504 1888
283270 1890 1912
276935 79 184
276935 186 838
276935 842 906
275337 1 427
283820 67 1548
281613 101 128
281613 130 130
281613 133 133
281613 135 139
281613 143 256
281613 258 903
275338 1 520
279667 68 1033
281726 1 288
281727 1 1605
283308 1 547
283308 549 571
283308 573 895
283308 897 948
283306 1 289
283307 1 153
283307 156 456
283305 79 85
279760 68 578
279760 585 728
279767 1 776
280016 1 149
282712 1 1
282712 10 68
282710 1 2
282710 8 8
275659 1 17
275658 1 337
274319 1 225
274251 1 546
274317 1 3
274316 1 959
274315 1 424
274314 97 97
274314 99 158
273158 1 1279
279993 85 156
279588 100 1259
279994 1 47
283934 1 784
283934 793 870
283934 875 1245
283934 1267 1291
274388 1 1820
274954 37 37
274954 39 57
283964 1 388
275890 1 1393
280242 1 411
280242 414 627
274382 94 144
276501 4 221
276501 223 2547
276502 2 741
274387 88 439
278874 1 273
278874 275 478
278017 77 97
278017 99 213
278017 215 512
278017 514 589
278018 1 263
278018 265 422
278018 424 615
278018 617 627
278018 642 1011
278018 1020 1181
280024 1 427
273449 1 214
279684 1 22
280020 1 45
278820 17 1533
280188 1 245
274440 92 493
273447 1 113
273447 115 412
280187 4 60
278308 87 216
278308 219 587
278308 589 680
278308 683 1200
278308 1217 1410
278308 1413 1848
278308 1880 1880
274283 2 19
274339 1 29
274339 31 31
274339 33 33
274339 35 93
274338 1 698
276870 78 1354
276870 1356 3108
276870 3111 3258
276870 3260 3484
275074 1 442
275074 444 647
275073 1 517
275370 81 365
275371 1 22
275371 28 569
275376 1 2667
275376 2669 3096
283865 1 1177
275375 127 1449
277087 204 1191
282814 1 1843
275782 1 131
275782 133 762
278873 70 129
281641 1 319
273448 1 391
278875 1 210
278875 212 834
273446 1 33
274241 1 1152
274241 1161 1176
278976 1 20
278975 1 475
278975 477 745
278975 747 850
280249 1 486
280249 488 1433
278406 85 360
278406 362 1682
281797 125 2176
283049 82 93
283043 1 105
283043 108 519
283042 1 6
279653 77 77
279653 82 261
279654 1 108
279654 110 1231
279654 1285 1299
279656 1 43
278274 1 18
278274 20 85
279658 1 689
279658 691 713
278273 75 110
283885 1 1723
283884 349 504
283884 509 756
274172 31 95
275761 1 9
279715 71 474
279715 476 477
279715 480 480
279715 511 511
279715 523 691
279716 1 860
279716 875 1528
279716 1530 1653
279975 70 190
279975 192 253
279975 256 281
279975 283 709
279975 734 1121
278290 1 11
276585 1 238
276585 241 242
276585 245 246
276659 1 127
276659 129 252
276655 1 593
276655 595 1106
276653 72 550
276834 1 720
276831 64 755
276831 761 2702
282917 117 157
282917 159 191
282918 1 51
282919 1 243
275923 3 53
275923 63 64
275923 66 126
280385 1 519
280385 523 569
280385 574 1187
280385 1189 1533
280385 1536 2022
280384 2 34
273402 100 292
273403 1 53
273406 1 112
273404 1 18
273405 2 25
277069 81 265
277069 267 390
273408 1 6
273409 1 309
280364 1 370
280364 372 617
280364 619 619
280364 621 1090
280364 1102 1363
279116 38 485
280363 1 359
279115 118 524
281693 1 2191
283548 145 288
277112 1 155
283469 74 74
283407 82 114
274146 1 67
279029 1 260
273493 1 233
273492 71 71
273492 73 282
273492 284 325
273492 327 338
273494 1 192
278822 1 1627
282708 1 8
282037 1 457
282037 459 1862
274244 1 607
282035 1 40
282034 1 33
282033 82 117
274240 1 40
274240 42 82
276283 3 1087
276282 75 534
276282 537 1142
274968 1 1192
274969 1 1003
278366 1 453
284037 1 340
275963 82 139
275963 141 172
279766 1 1689
278310 1 32
278310 34 709
279931 84 628
279931 630 743
279931 746 801
279931 803 1043
279931 1045 3022
278315 73 254
278315 256 661
278315 663 767
278969 70 511
278969 514 1051
278969 1053 1291
278969 1293 1397
278969 1399 1460
276946 1 27
276947 1 89
276947 91 126
276947 135 141
276940 70 213
277148 83 190
277148 193 700
275284 1 74
276948 1 474
275283 1 132
280327 49 85
277094 1 161
277094 164 584
277096 1 1309
277096 1311 2086
278167 87 394
278167 397 1153
278167 1155 1660
278167 1662 1707
278167 1709 2258
275912 1 289
275913 1 475
275911 62 298
275911 300 354
275911 356 440
278808 1 445
278808 447 462
278808 464 1793
275918 1 318
275918 348 361
283353 80 822
283359 1 428
283358 1 243
283358 245 981
280251 1 165
280251 167 372
274999 1 1241
274998 64 782
273450 1 214
273450 219 647
275921 1 2
275921 4 5
275921 17 20
274200 1 678
274199 1 623
274198 81 191
274250 1 701
278509 91 1557
283283 4 1668
283283 1670 1748
278769 75 104
277076 1 3
277076 5 7
277076 9 35
277076 38 1037
283933 88 232
275657 1 105
274335 60 1003
274442 1 752
274337 3 17
274336 1 14
279682 1 29
279682 33 34
279682 37 38
279683 1 26
279681 77 104
279966 79 441
278289 1 42
278289 44 52
278288 67 81
281639 1 132
277070 1 309
277070 311 1059
276527 1 214
276525 88 469
276525 471 1606
276525 1626 2893
276528 4 394
276355 1 33
276458 1 341
275000 1 136
275001 1 1781
275001 1786 2061
276454 1 527
282092 92 222
282092 624 2276
277194 113 139
277194 144 497
277194 500 1115
277194 1117 1312
277194 1320 1749
277194 1754 2067
277194 2070 2070
279844 72 295
279841 75 398
279841 407 2122
276542 74 857
273411 1 29
273410 1 90
275282 91 180
277073 1 90
277072 1 253
277072 256 466
277071 1 82
277071 90 178
276545 2 110
276545 117 213
275310 1 1929
275311 1 1253
277991 1 98
277992 1 260
277992 262 312
275319 141 282
273554 77 437
273555 1 173
283416 49 151
283416 154 245
274094 108 332
273730 1 1814
273730 1820 2126
274157 105 534
278957 79 227
281707 99 982
281707 1000 1065
273302 1 459
274955 1 91
278239 76 339
278239 341 558
278239 560 740
282734 1 327
282735 1 642
282735 645 1232
282735 1235 1823
282730 89 164
282731 1 172
282732 1 69
282733 1 177
275778 1 305
275776 1 140
275777 1 300
275774 1 311
275774 315 315
275772 1 56
275773 1 7
279080 68 224
283946 85 1448
283946 1450 1462
274971 1 905
274970 1 47
276318 3 103
276318 106 570
276315 40 175
276315 178 217
276317 3 138
279024 82 382
274159 1 43
276384 2 1117
278770 1 767
284014 1 266
276776 1 1823
276775 96 1260
279887 79 221
279887 225 397
276950 1 2353
277420 84 84
277420 86 291
277420 293 346
284025 110 157
275291 1 347
275290 96 143
275293 1 142
275293 144 201
275292 1 121
276794 1 885
275059 78 81
275059 105 137
276810 1 287
276811 1 1270
276811 1272 2563
274284 1 210
284029 1 112
274286 1 154
274441 1 431
284035 1 360
278175 1 88
284036 1 140
284036 143 348
284039 1 30
284038 1 55
276495 87 268
279071 71 244
283830 1 722
283834 1 67
283834 69 82
283835 1 14
283835 16 112
283682 1 384
283681 1 17
283680 1 81
283685 1 314
279685 1 93
279685 95 209
280383 64 65
275833 1 53
275833 56 115
275833 117 251
275832 1 367
275835 1 13
275834 1 297
275837 1 186
275837 198 726
275836 1 429
275836 431 1163
275836 1166 1170
275836 1184 1293
278923 55 467
279479 86 190
278193 77 231
275920 5 463
305178 69 124
305179 1 21
305180 1 9
305181 1 8
305182 1 8
305183 1 231
305183 262 266
305184 1 8
299042 33 55
305188 1 1002
305202 74 132
305202 136 729
305204 1 1229
299061 38 355
299062 1 163
299062 166 303
305207 52 1077
305208 1 372
299065 13 248
299065 251 342
299067 1 459
305234 52 99
305236 1 23
305237 1 16
305237 18 1147
301142 1 897
299096 2 97
297050 12 137
297050 193 776
305247 57 433
297056 12 203
297057 1 4
297057 14 105
297057 112 377
297057 385 418
297057 424 509
297057 516 906
305252 1 548
301161 36 805
301165 1 145
301417 50 367
301179 35 59
301180 1 97
301183 3 10
301183 13 303
305282 75 207
297099 24 62
297100 1 15
297100 21 369
297100 375 381
297101 1 668
297101 673 697
297101 700 856
297101 862 937
297101 943 1101
297113 1 204
297113 211 252
297114 1 99
297114 106 161
305310 60 157
305310 163 458
305311 1 153
305312 1 227
305313 1 741
305314 1 404
297670 21 34
299178 37 56
299178 58 111
299180 5 98
299184 1 561
299185 1 120
305336 36 241
305338 1 107
305341 1 503
305349 1 34
305350 1 21
305351 1 868
305186 1 112
305186 120 422
305358 91 231
305358 233 253
305364 50 147
305365 1 668
305365 676 832
305366 1 721
305366 724 756
305366 769 1254
297175 1 85
297176 11 120
297176 125 214
297177 1 162
297178 1 54
297178 59 334
297178 342 749
297178 754 967
297178 972 1037
297178 1043 1264
297178 1272 1282
297178 1290 1385
305376 71 168
305377 9 1292
305377 1294 1383
305377 1386 1525
301283 3 886
301298 45 949
305405 44 536
305405 573 575
305406 1 394
305406 401 520
305406 528 535
305406 540 1475
297215 1 47
297218 1 27
297219 1 80
297219 85 281
297219 288 579
297219 585 916
297219 921 1429
297219 1436 2004
297219 2010 2638
297224 10 19
297224 24 138
297225 1 32
301323 35 474
301323 477 990
301330 22 353
306048 1 140
305440 20 291
305441 1 121
301359 33 319
299327 1 72
299329 1 172
301384 1 476
297292 1 125
297292 130 131
297292 136 667
297292 675 753
297293 1 121
297293 127 150
301391 38 214
301392 1 627
299064 7 85
301396 1 33
301397 1 228
301397 231 517
301397 519 728
301398 1 9
301399 1 108
297308 1 44
299368 37 175
299369 1 303
299370 1 7
299370 47 705
305516 46 518
305516 558 639
305517 1 163
305518 1 1134
299380 34 227
299381 1 45
299394 5 33
299395 1 187
299396 1 81
301447 86 96
301447 99 400
301447 404 512
301448 1 329
301449 1 404
301450 1 173
297359 39 70
297359 164 180
301461 28 581
299420 2 50
301472 35 830
301475 1 18
301476 1 844
305586 53 583
299443 145 164
305589 1 691
305590 1 500
305590 517 1020
299450 39 88
297411 32 737
297411 740 800
297411 807 950
301519 42 250
297424 32 149
297425 1 107
297425 112 157
297426 1 28
297426 34 84
297426 90 111
301524 1 110
301524 117 263
297429 1 72
297430 1 199
297431 1 49
297431 55 64
297431 71 188
297432 1 112
299481 1 196
299481 199 236
299481 260 479
299481 487 940
299481 943 1037
299481 1061 1257
297434 1 161
297435 1 94
301532 1 611
305636 60 339
305636 342 667
305636 671 2390
297467 50 138
297468 1 74
297469 1 4
297469 9 70
301567 14 372
297483 37 68
297483 71 201
297483 206 214
297484 1 47
297484 53 208
297484 214 214
297485 1 16
297485 23 253
297485 258 299
297485 302 314
297485 321 420
297486 1 74
297486 79 598
297486 603 625
297487 1 433
297487 439 491
297487 495 603
297487 609 613
297488 1 73
297488 80 424
297503 5 275
297503 282 559
297503 566 606
297503 612 635
297503 642 772
297503 777 779
297504 1 41
297504 125 136
297505 1 394
300466 1 650
301627 57 943
305248 1 957
299593 95 177
299593 179 896
299594 1 317
299595 1 134
299595 138 138
299597 3 91
299597 93 540
297557 8 28
297557 67 113
297557 119 167
297557 173 174
297557 180 394
297558 9 266
297562 1 69
297562 120 369
297563 1 254
297563 260 264
301664 28 445
301665 1 294
301665 319 487
305766 55 902
301694 36 102
297599 1 169
297599 211 225
297599 230 312
297599 319 385
297599 395 407
299649 151 332
297603 1 420
297604 1 126
297604 131 272
297604 279 375
297604 381 407
297605 1 6
297605 13 20
297605 24 89
297605 95 223
297605 257 407
297606 1 94
297606 99 231
305809 56 197
297620 32 318
305814 85 689
305814 692 978
305814 980 1074
305814 1077 1912
305821 59 830
305832 87 266
305840 1 1144
305842 1 862
297656 64 116
297656 123 135
297656 140 230
297656 269 307
297656 313 330
297656 341 388
297656 393 433
297665 1 153
297665 159 209
297665 214 279
297666 1 11
297666 17 81
297666 86 121
305862 81 705
297674 3 102
297674 108 188
297675 1 123
297675 129 239
297675 244 328
297675 334 467
297675 470 471
303825 1 180
303832 54 1334
303832 1338 1913
303838 54 54
303838 83 2044
305898 70 780
305902 53 521
297722 55 160
297722 165 353
297723 1 13
297723 51 222
299477 39 42
299477 82 87
299478 1 175
299479 1 123
303885 60 2052
299480 1 6
299480 8 715
297433 1 159
302328 42 722
301530 1 110
301531 1 394
305967 1 32
303948 55 1678
299149 29 470
302563 40 46
301912 43 52
301912 101 422
301913 1 58
301914 1 350
302565 1 7
306029 63 96
306030 1 110
306036 60 63
306037 1 49
306038 1 139
306041 1 320
306042 1 371
303998 58 319
303999 1 751
304000 1 56
306049 1 358
306051 1 415
301959 30 1938
301960 1 147
301970 6 123
301984 17 317
301985 1 367
301986 1 381
301987 1 1128
306091 422 629
306092 1 588
306092 593 976
301997 37 407
301998 1 1704
306095 1 300
304062 54 2014
302019 34 86
306121 57 152
306122 1 127
302029 1 98
306126 1 497
302031 1 401
302031 403 446
302031 448 675
302031 678 818
302033 1 40
302033 44 46
302034 1 20
302037 18 20
306134 53 84
306135 1 1095
302040 1 174
302041 1 72
302042 1 523
306139 1 1112
306153 78 165
306154 1 251
306154 253 691
306154 709 1233
306155 1 1440
304119 71 138
304119 143 150
304120 1 253
306169 1 745
306170 1 22
306171 1 503
304125 1 1769
304144 76 2596
304144 2598 2656
304158 165 1750
304158 1752 2087
304169 50 1714
304169 1731 1733
304170 1 620
302131 71 943
300087 36 59
300087 61 126
300087 128 216
300087 218 239
301529 1 49
304199 10 18
304200 1 321
300105 1 21
300106 1 74
300107 1 28
300107 30 47
304204 55 607
302159 33 140
304209 52 98
304209 100 133
304209 135 157
304209 176 253
304209 255 477
302163 32 671
302163 674 1230
300558 8 548
302166 1 16
300122 46 730
300122 735 924
300122 927 1295
300123 1 384
300123 387 612
300155 35 1229
300156 1 72
300157 9 1107
302225 54 133
302225 136 923
302228 58 78
302228 81 293
302229 1 457
302240 1 960
304291 56 85
304292 1 1125
304292 1183 1779
304292 1781 1811
302262 37 471
302263 1 1250
300575 1 82
301941 31 568
304672 1 60
300226 43 448
302277 15 17
302277 22 192
302277 194 391
302279 1 71
302280 1 152
300233 43 162
300234 1 59
300235 1 187
300236 11 187
304333 74 1653
300238 30 58
300238 62 329
300237 1 713
300237 716 717
300240 1 7
300240 11 46
300240 51 362
300239 1 145
300239 148 167
300239 171 213
304354 82 295
304366 44 1387
304366 1390 1396
304366 1399 1402
304366 1404 1407
304366 1409 1412
304366 1414 1416
304366 1419 1421
304366 1424 1873
302322 33 870
306419 1 62
306420 1 108
306422 9 126
306423 1 333
300280 52 56
300280 61 69
300280 73 150
300280 155 165
300280 178 198
300280 207 222
300280 226 251
300280 255 268
300280 275 345
300280 349 370
300280 381 548
300280 553 607
300280 617 639
300280 663 691
300281 3 8
300282 1 9
300282 13 59
300282 73 92
300282 97 114
300282 142 151
300282 156 186
300283 1 34
300284 1 22
300284 38 47
300284 50 82
300284 90 98
300284 108 130
300284 133 152
300284 156 250
300284 260 414
300284 420 561
300284 568 585
300284 590 680
300284 691 751
306432 1 339
302337 27 162
302342 19 72
302343 1 98
302344 3 482
302350 1 136
306454 13 101
306455 1 11
306456 1 237
306456 239 787
306457 1 31
306458 1 17
306458 20 35
306458 37 41
306458 43 47
306458 49 53
306458 56 60
306458 62 66
306458 68 72
306458 74 77
306458 79 83
306458 85 89
306458 93 102
306458 104 108
306458 110 114
306458 116 120
306458 122 126
306458 129 139
306458 141 145
306458 147 151
306458 153 166
306458 169 173
306458 175 179
306458 181 185
306458 187 191
306458 193 197
306458 200 210
306458 212 216
306458 218 222
306458 225 229
306458 231 235
306458 237 241
306458 243 247
306458 249 249
306458 252 256
306458 258 268
306459 1 512
306459 514 2275
306460 1 73
302388 27 157
302388 164 717
302392 45 407
302393 1 887
304446 40 92
304446 110 111
304447 1 534
304447 540 1644
304451 1 60
301281 38 157
300364 27 46
300365 1 20
300366 1 21
300367 1 20
300368 1 20
300369 1 20
300370 1 20
300371 1 20
300372 1 8
300373 1 21
300374 1 21
300375 1 93
300389 1 1
300389 4 5
300389 8 8
300389 11 20
300389 23 39
300389 60 149
300390 2 21
300391 1 21
300392 1 21
300393 1 20
300394 1 21
300395 1 20
300396 1 20
300397 1 20
300398 1 20
300399 1 20
302448 21 312
302448 317 442
302448 445 483
302448 486 1926
300401 19 673
304505 60 86
304506 1 370
304507 1 239
304508 1 1324
302472 28 808
302473 1 368
302473 398 406
302474 1 305
302475 1 7
302476 1 259
302479 30 222
302479 225 340
302484 8 176
302485 1 922
302492 10 21
302492 23 59
302493 1 7
302494 1 618
300459 40 332
306418 1 33
306418 35 75
300462 1 97
300463 1 124
300464 1 103
300464 126 265
302513 37 89
304562 52 56
304562 60 848
300467 1 563
302522 29 46
302523 1 59
302525 1 677
302525 747 778
302526 1 582
300497 26 175
302548 40 124
302551 1 7
302553 1 188
302554 1 7
302555 1 11
300514 38 150
300515 1 838
300515 957 1013
300516 1 111
300517 1 8
300517 103 623
304616 52 223
304616 227 740
304616 747 1002
302572 6 291
302573 1 693
302573 730 1285
304625 73 536
304626 1 8
302596 47 534
302596 545 705
302596 710 986
302597 1 1054
304654 53 704
304655 1 1194
300560 1 640
300560 645 844
304661 53 67
304661 69 143
304661 147 173
304661 175 198
304661 237 240
304662 1 150
304663 1 689
300574 15 111
304671 51 1193
300576 7 123
300576 125 1206
302634 37 73
302634 75 123
302634 125 129
302634 133 165
302634 168 175
302634 177 216
302634 218 358
302634 361 375
302634 378 404
302634 407 423
302634 425 503
302634 505 578
302634 581 594
302634 596 638
302635 1 22
302635 24 28
302635 30 39
302635 41 53
302635 55 132
302635 134 144
302635 146 265
302635 267 271
302635 274 344
302635 347 357
302635 359 375
302635 378 384
302635 386 414
302635 416 494
302635 497 608
302635 611 634
302635 637 684
302635 687 706
302635 708 724
302635 726 901
302635 904 954
302635 957 982
302635 984 1072
302635 1075 1124
302635 1126 1129
302635 1132 1206
302635 1209 1234
302635 1236 1291
302651 1 149
302654 1 317
297227 9 192
302661 1 72
302663 1 706
300631 41 49
300631 63 66
300631 75 226
300632 1 21
300633 1 447
300635 1 23
300635 26 176
300636 1 335
300636 338 1572
304737 69 149
304738 1 1681
304739 3 16
304740 1 278
300673 41 47
300673 49 49
300673 52 56
300673 59 66
300674 1 33
300675 1 33
300676 1 26
304776 49 98
304777 1 431
304777 438 510
304778 4 1300
304797 28 87
304797 91 306
304797 308 377
304797 385 1202
304797 1205 2950
300117 35 67
302026 24 53
302026 66 72
301141 25 31
300742 56 343
306125 1 756
306125 770 2642
306125 2667 3007
302165 1 85
300777 21 509
300780 3 341
300785 1 549
300785 552 750
300785 752 1201
300785 1219 1272
297598 17 17
297598 22 33
300461 1 98
302038 10 10
300806 36 214
300811 6 508
300812 1 59
300816 6 161
300817 1 33
300817 36 74
300817 80 383
300817 410 493
306138 1 1298
302043 1 228
302509 73 92
305044 3 203
305044 302 306
305044 309 310
305044 313 313
305044 318 330
305045 1 873
305046 1 667
305046 671 686
305059 63 518
305059 520 575
305062 1 8
305063 1 35
305064 1 2045
305081 52 1107
300400 1 677
305112 68 1527
305113 9 72
305114 1 526
297296 1 236
297296 240 401
297296 406 418
297296 425 497
301393 2 18
298996 33 216
298997 1 37
298997 47 47
301046 162 223
299000 4 77
316758 11 1609
319503 1 317
315420 28 920
315420 924 942
315420 954 1748
317475 33 89
317475 105 115
319524 36 1459
319526 1 282
319528 1 259
317484 1 448
317484 467 514
317484 519 545
317488 1 844
315543 55 171
317527 41 1487
319579 41 3168
315488 42 843
315489 1 653
315489 672 709
315490 1 24
315506 13 100
315510 1 345
315512 1 1122
319625 17 206
317591 43 334
315555 22 97
315556 1 26
315557 1 279
319656 51 310
319657 1 167
319658 1 225
319659 1 87
321710 1 57
321908 43 472
317626 40 2045
319678 36 294
319687 46 90
317640 29 829
317641 1 1390
317648 45 139
319697 47 482
319697 490 490
317650 1 1304
321755 33 361
321755 363 470
321755 472 473
321755 475 487
321755 489 729
317661 35 1256
317663 1 858
319913 1 56
317478 1 23
322599 43 294
321776 1 12
321776 15 19
321776 30 45
321777 1 81
321777 83 169
321777 174 176
321777 192 207
321778 8 150
317683 83 402
321780 1 332
321780 336 338
321780 342 346
321780 351 357
321780 359 360
321780 362 371
321780 374 383
321780 392 412
321780 414 420
321780 422 493
321780 496 499
321780 502 503
321780 505 508
321780 517 518
315640 46 87
315641 1 4
315642 1 92
315644 1 184
315645 1 40
315645 47 390
315645 395 565
315645 567 594
315646 1 1033
315647 1 58
315648 1 110
319756 44 1966
321415 1 804
321813 32 352
321815 1 23
321817 1 536
321818 1 690
321820 1 214
321831 25 781
321832 1 389
321832 403 510
321833 1 407
321834 1 333
315702 38 113
315703 1 545
315704 1 61
315705 1 700
315713 35 359
315713 374 385
315713 400 1123
315721 33 50
315721 56 626
321879 39 47
321879 50 52
321879 55 68
321879 71 73
321879 77 89
321879 93 95
321879 99 111
321879 114 116
321879 120 132
321879 136 138
321879 141 154
321879 157 159
321879 163 175
321879 178 181
321879 185 197
321879 200 202
321879 207 218
321879 222 356
321880 1 41
321880 44 132
315741 34 92
321887 54 948
319840 41 388
319841 1 167
319847 49 51
319848 1 53
319849 1 492
319851 1 4
319853 1 40
319853 47 262
319854 1 225
315764 37 309
321909 1 208
321909 210 1654
315770 39 332
321917 4 156
321917 164 808
321919 1 6
315784 29 33
315784 40 156
315784 158 161
315785 1 198
315785 201 305
315786 1 72
321933 43 232
321933 235 326
315790 1 716
315790 718 922
320920 1 178
315800 41 621
315801 1 344
319908 1 40
319908 43 53
319909 1 7
319910 1 983
321960 18 47
321961 1 354
319914 1 32
319915 1 416
321973 37 746
321973 748 968
321973 972 1253
321975 1 866
315840 33 1154
321988 45 996
321988 1106 1486
319941 43 298
319942 1 50
319950 38 205
322013 14 22
322014 1 17
322022 42 185
322022 201 1805
319912 1 59
319991 46 882
322040 32 70
319993 1 955
320002 52 192
320006 1 34
320006 36 341
322057 38 58
320010 1 330
320011 1 302
320012 1 99
322068 51 724
320023 17 292
320024 1 410
320025 1 113
320026 1 204
322079 39 200
322079 216 393
322079 409 428
320038 43 663
320039 1 30
320040 1 737
322106 48 871
320059 1 105
320060 1 42
320061 1 49
320062 1 21
320063 1 64
320064 1 200
320065 1 920
315973 39 240
315973 262 914
322118 1 516
322118 530 874
322201 39 266
316058 42 405
316059 1 321
316059 323 567
322204 1 280
322204 282 301
322204 303 331
322204 337 1143
316061 1 23
316061 194 206
316062 1 4
321990 1 471
322222 1 526
316082 37 407
322252 42 1586
316110 1 210
316111 1 48
316113 1 64
316114 1 777
316114 779 1562
316153 1 770
322317 48 101
322319 1 163
322322 1 170
322322 267 1205
322324 1 416
316186 38 81
316187 1 1091
316187 1093 1100
316187 1207 2077
322332 37 1055
316199 33 1197
316200 1 10
316201 1 498
316202 1 403
322348 40 1505
322355 36 137
322356 1 779
316216 25 466
316217 1 264
316218 1 1008
316219 1 283
322381 45 577
321434 1 642
316239 38 626
316240 1 1224
316241 1 325
322407 46 582
316271 36 121
322430 46 501
322431 59 1166
319639 31 1509
322480 60 408
322492 1 1386
316361 22 124
316361 126 131
316361 133 135
316361 137 137
316361 139 142
316361 144 145
316361 147 147
316361 149 159
316361 161 174
316361 176 178
316361 180 189
316361 191 197
316361 199 208
316361 210 223
316362 1 208
316362 210 212
316362 214 225
316362 227 242
316362 244 269
316362 271 319
316362 332 392
316362 394 395
316362 397 402
316362 404 404
316362 406 410
316362 412 412
316362 414 418
316362 420 428
316362 430 450
316363 1 39
316363 41 49
322510 37 45
319992 1 264
316377 19 19
316377 21 40
316378 1 29
316379 1 70
316380 1 708
316380 714 1213
316455 36 71
316457 1 1454
322602 1 69
322602 72 72
322603 1 10
322605 1 280
316469 17 444
316470 1 322
316472 76 333
322617 1 601
322625 41 484
322625 492 1167
322633 1 249
316505 44 205
316505 207 921
316505 923 1364
316569 20 703
316569 742 1945
320673 35 901
320674 1 599
317297 1 283
317297 347 760
321735 1 146
316590 17 526
320688 49 531
319348 1 37
319349 1 148
316613 49 241
316615 1 338
320712 39 242
317649 1 621
319698 1 312
320757 51 382
316666 1 981
316667 1 197
316700 46 346
316700 388 397
316701 1 479
316702 1 388
320804 46 1274
315270 1 633
320807 1 7
320809 1 716
316715 33 45
316716 1 181
316717 1 192
316718 1 311
316719 1 91
316719 100 144
316720 1 182
316721 1 15
316722 1 751
316723 1 64
320821 41 221
320822 1 523
320823 1 360
320838 93 357
320840 1 471
320841 1 205
320853 41 369
320854 1 125
320855 1 565
320856 1 159
320857 1 272
320858 1 230
320859 1 40
316766 51 1920
316766 1922 2199
318828 54 123
320887 49 321
320888 1 26
322113 48 159
320916 2 25
320917 1 1926
318872 16 287
318874 1 320
318876 1 161
318877 1 615
320933 40 214
320934 1 831
320936 1 407
321436 1 710
320941 1 93
316876 34 38
316876 40 644
316877 1 164
316877 171 401
316879 1 156
320980 44 142
320995 26 214
320996 1 380
321004 39 188
321005 1 61
321006 1 162
321007 1 831
321009 1 85
321010 1 342
321011 1 213
321012 1 35
321012 190 201
316928 40 188
317696 38 682
321051 58 1179
321055 1 302
321055 304 326
321055 328 340
321055 368 759
321067 39 225
321067 232 639
321068 1 715
321069 1 313
316985 33 503
316993 44 254
316994 1 14
316995 1 623
321119 45 214
321121 1 47
321122 1 395
321124 1 819
319077 52 92
321126 1 493
321134 33 70
321138 1 741
321140 1 798
321149 35 1424
321149 1426 1476
321149 1478 1553
321149 1558 1576
321149 1578 1588
321149 1591 1743
321166 1 10
321167 1 141
321167 143 143
321167 145 510
321167 512 552
321167 554 691
321167 693 923
317080 41 66
321178 5 78
317087 43 177
317087 213 222
317087 257 852
317089 1 1003
321218 49 962
321219 1 934
321221 1 40
321230 41 124
321231 1 59
321232 1 30
321233 1 727
321262 1 4
315689 24 1127
315689 1180 1186
315690 10 654
317182 47 63
317182 65 1424
321283 48 357
321294 1 62
321305 20 2600
321305 2605 2651
317212 36 175
317213 1 375
321311 1 10
321312 1 768
321313 1 408
315974 1 71
315363 1 35
315363 37 47
315363 49 67
315363 69 80
315363 82 90
317279 43 508
319337 48 2240
317291 34 824
317292 1 330
321393 1 127
321393 134 148
319347 40 690
321396 1 1475
321397 1 365
315257 1 88
315257 91 92
315259 1 172
315264 32 261
315265 4 58
315267 1 244
321414 31 1283
317319 44 182
317320 1 326
317320 333 411
317320 413 1827
321431 30 189
321432 1 47
321433 1 125
317338 66 107
317339 1 163
317340 1 418
316060 1 935
321457 43 451
321457 453 1888
321461 1 149
315322 23 118
315322 122 1354
321475 50 518
321475 526 2084
317382 58 128
317383 1 58
315339 37 654
317391 39 46
317392 1 1116
317392 1119 1900
319449 35 559
319449 562 734
319450 1 287
319450 290 683
315357 44 732
315357 736 770
315357 780 831
319456 138 346
315361 40 619
319459 1 78
315366 10 61
315366 67 750
319486 38 103
317435 1 1397
317438 1 68
317438 71 309
320854 1 125
319503 1 317
315420 28 920
315420 924 942
315420 954 1748
317475 33 89
317475 105 115
319524 36 1459
319526 1 282
319528 1 259
317484 1 448
317484 467 514
317484 519 545
317488 1 844
317527 41 1487
319579 41 3168
315488 42 843
315489 1 653
315489 672 709
315490 1 24
323693 38 151
323696 1 257
315506 13 100
323702 1 808
315512 1 1122
317591 43 334
319625 17 206
323725 18 346
323726 1 60
323727 1 83
323727 88 677
323727 682 813
323727 819 822
323727 826 987
315543 55 171
324293 39 1440
324293 1442 2176
324293 2178 2342
315555 22 97
315556 1 26
315557 1 279
319656 51 310
319657 1 167
319658 1 225
323755 27 815
323755 818 823
323755 826 826
323755 828 830
323755 833 861
323755 864 964
321710 1 57
321712 1 2
321712 16 54
321712 57 115
321712 117 263
321908 43 472
317626 40 2045
319678 36 294
323775 38 81
323775 84 171
321730 2 257
321730 259 291
321732 1 127
321732 129 181
321732 185 189
321732 192 245
321732 248 252
321732 254 373
321732 375 381
321732 386 386
321732 389 392
321732 395 424
321732 426 432
321732 434 448
321732 450 452
321732 454 459
321732 467 586
321732 589 680
321732 682 686
321732 689 903
321732 905 973
321732 975 1448
321735 1 146
317640 29 829
317641 1 1390
323790 45 948
317648 45 139
319697 47 482
319697 490 490
323794 1 68
321755 33 361
321755 363 470
321755 472 473
321755 475 487
321755 489 729
317661 35 1256
321758 1 47
321758 49 75
321758 77 121
321758 128 130
321758 146 148
321758 151 155
321758 161 165
321758 168 189
317663 1 858
321760 1 171
321760 175 205
321760 207 238
321760 240 258
321760 260 420
321760 422 520
321760 526 586
321760 588 593
321760 598 602
321760 604 607
321760 613 716
321760 719 721
321760 727 788
321760 794 818
321760 822 824
321760 828 830
321760 834 836
321760 840 841
321760 845 855
319913 1 56
317478 1 23
322599 43 294
321773 11 14
321773 25 35
321773 39 52
321773 54 79
321774 1 12
321774 14 52
321774 54 119
321775 1 12
321775 14 14
321776 1 12
321776 15 19
321776 30 45
321777 1 81
321777 83 169
321777 174 176
321777 192 207
321778 8 150
317683 83 402
321780 1 332
321780 336 338
321780 342 346
321780 351 357
321780 359 360
321780 362 371
321780 374 383
321780 392 412
321780 414 420
321780 422 493
321780 496 499
321780 502 503
321780 505 508
321780 517 518
321781 6 37
321781 53 56
321781 58 66
321781 69 69
321781 77 180
321781 186 209
321781 212 265
321781 269 274
321781 276 290
321781 293 312
321781 316 410
321781 412 427
315640 46 87
315641 1 4
315642 1 92
315644 1 184
315645 1 40
315645 47 390
315645 395 565
315645 567 594
315646 1 1033
315647 1 58
315648 1 110
323841 46 510
319756 44 1966
323857 1 357
321415 1 804
321813 32 352
321815 1 23
321817 1 536
321818 1 690
321820 1 214
321831 25 781
321832 1 389
321832 403 510
321833 1 407
321834 1 333
324999 1 14
323976 31 85
315702 38 113
315703 1 545
315704 1 61
315705 1 700
315786 1 72
315713 35 359
315713 374 385
315713 400 1123
315721 33 50
315721 56 626
321879 39 47
321879 50 52
321879 55 68
321879 71 73
321879 77 89
321879 93 95
321879 99 111
321879 114 116
321879 120 132
321879 136 138
321879 141 154
321879 157 159
321879 163 175
321879 178 181
321879 185 197
321879 200 202
321879 207 218
321879 222 356
321880 1 41
321880 44 132
315741 34 92
321887 54 948
319840 41 388
319841 1 167
323940 49 1567
319847 49 51
319848 1 53
319849 1 492
319851 1 4
319853 1 40
319853 47 262
319854 1 225
323954 1 77
315764 37 309
321909 1 208
321909 210 1654
315770 39 332
321917 4 156
321917 164 808
321919 1 6
315784 29 33
315784 40 156
315784 158 161
315785 1 198
315785 201 305
323978 1 73
323980 1 202
321933 43 232
321933 235 326
315790 1 716
315790 718 922
323983 1 188
320920 1 178
315800 41 621
315801 1 344
323997 1 498
319908 1 40
319908 43 53
319909 1 7
319910 1 983
321960 18 47
321961 1 354
319914 1 32
319915 1 416
321973 37 746
321973 748 968
321973 972 1253
324022 1 554
321975 1 866
315840 33 1154
321988 45 996
321988 1106 1486
319941 43 298
319942 1 50
319950 38 205
322013 14 22
322014 1 17
322022 42 185
322022 201 1805
324077 54 710
324077 712 753
319912 1 59
319991 46 882
319992 1 264
319993 1 955
320002 52 192
320006 1 34
320006 36 341
322057 38 58
320010 1 330
320011 1 302
320012 1 99
322068 51 724
320023 17 292
320024 1 410
320025 1 113
320026 1 204
322079 39 200
322079 216 393
322079 409 428
320038 43 663
320039 1 30
320040 1 737
322106 48 871
320059 1 105
320060 1 42
320061 1 49
320062 1 21
320063 1 64
320064 1 200
320065 1 920
315973 39 240
315973 262 914
322118 1 516
322118 530 874
324201 20 834
324201 837 1385
324202 1 240
324205 1 163
324206 1 149
324207 1 34
324209 1 142
322179 43 820
322179 823 1783
324237 33 236
324245 23 1681
322201 39 266
316058 42 405
316059 1 321
316059 323 567
322204 1 280
322204 282 301
322204 303 331
322204 337 1143
316061 1 23
316061 194 206
316062 1 4
321990 1 471
322222 1 526
316082 37 407
315510 1 345
324021 44 819
322252 42 1586
316110 1 210
316111 1 48
316113 1 64
316114 1 777
316114 779 1562
324315 1 200
324315 203 204
324318 1 332
316153 1 770
322317 48 101
322319 1 163
322322 1 170
322322 267 1205
322324 1 416
316186 38 81
316187 1 1091
316187 1093 1100
316187 1207 2077
322332 37 1055
316199 33 1197
316200 1 10
316201 1 498
316202 1 403
322348 40 1505
322355 36 137
322356 1 779
316216 25 466
316217 1 264
316218 1 1008
316219 1 283
324420 1 625
322381 45 577
316239 38 626
316240 1 1224
316241 1 325
322407 46 582
316271 36 121
322430 46 501
322431 59 1166
325100 1 254
319639 31 1509
321005 1 61
322480 60 408
322492 1 1386
324769 1 328
316361 22 124
316361 126 131
316361 133 135
316361 137 137
316361 139 142
316361 144 145
316361 147 147
316361 149 159
316361 161 174
316361 176 178
316361 180 189
316361 191 197
316361 199 208
316361 210 223
316362 1 208
316362 210 212
316362 214 225
316362 227 242
316362 244 269
316362 271 319
316362 332 392
316362 394 395
316362 397 402
316362 404 404
316362 406 410
316362 412 412
316362 414 418
316362 420 428
316362 430 450
316363 1 39
316363 41 49
322510 37 45
322040 32 70
316377 19 19
316377 21 40
316378 1 29
316379 1 70
316380 1 708
316380 714 1213
319659 1 87
316455 36 71
316457 1 1454
322602 1 69
322602 72 72
322603 1 10
322605 1 280
316469 17 444
316470 1 476
316472 1 70
316472 76 333
322617 1 601
317279 43 508
322625 41 484
322625 492 1167
322633 1 249
316505 44 205
316505 207 921
316505 923 1364
324729 1 193
324747 63 1139
323778 1 934
316569 20 703
316569 742 1945
324764 1 150
324765 1 481
320673 35 901
320674 1 599
324772 1 165
321393 1 127
321393 134 148
319687 46 90
316590 17 526
320688 49 531
324785 77 664
324791 1 1217
319348 1 37
319349 1 148
316613 49 241
316615 1 338
320712 39 242
324835 40 230
324835 302 369
317649 1 621
324840 1 96
324841 1 1347
317650 1 1304
324846 1 151
324846 154 517
320757 51 382
316666 1 981
316667 1 197
318733 1 33
324878 62 111
324878 113 175
324878 180 1800
316700 46 346
316700 388 397
316701 1 479
316702 1 388
324897 30 170
320804 46 1274
315270 1 633
320807 1 7
320809 1 716
316715 33 45
316716 1 181
316717 1 192
316718 1 311
316719 1 91
316719 100 144
316720 1 182
316721 1 15
316722 1 751
316723 1 64
320821 41 221
320822 1 523
320823 1 360
320824 1 1051
320838 93 357
320840 1 471
320841 1 205
320853 41 369
316758 11 1609
320855 1 565
320856 1 159
320857 1 272
320858 1 230
320859 1 40
316766 51 1920
316766 1922 2199
324970 1 425
324970 428 598
324970 606 632
324970 634 1529
324970 1532 2195
318828 54 123
324980 39 917
324980 919 954
324980 956 968
324980 1005 1042
324980 1044 2340
320887 49 321
320888 1 26
324997 29 150
324998 1 368
322113 48 159
325000 1 371
325001 1 105
325001 108 171
325001 173 595
320916 2 25
320917 1 1926
318872 16 287
318874 1 320
318876 1 161
318877 1 615
325022 45 1594
320933 40 214
320934 1 831
320936 1 407
321436 1 710
320941 1 93
325057 42 383
316876 34 38
316876 40 644
316877 1 164
316877 171 401
316879 1 156
320980 44 142
320995 26 214
320996 1 380
325097 40 96
325098 1 8
325099 1 394
321004 39 188
325101 1 462
325101 464 485
321006 1 162
321007 1 831
321009 1 85
321010 1 342
321011 1 213
321012 1 35
321012 190 201
325110 1 21
325117 1 533
316928 40 188
317696 38 682
321051 58 1179
321055 1 302
321055 304 326
321055 328 340
321055 368 759
325159 48 266
321067 39 225
321067 232 639
321068 1 715
321069 1 313
325168 1 21
325169 1 23
325170 1 692
325170 694 1205
325172 1 267
325172 269 485
316985 33 503
316993 44 254
316994 1 14
316995 1 623
321119 45 214
321121 1 47
321122 1 395
321124 1 819
319077 52 92
321126 1 493
321134 33 70
321138 1 741
321140 1 798
321149 35 1424
321149 1426 1476
321149 1478 1553
321149 1558 1576
321149 1578 1588
321149 1591 1743
321165 1 8
321166 1 10
321167 1 141
321167 143 143
321167 145 510
321167 512 552
321167 554 691
321167 693 923
317080 41 66
321177 38 74
321177 77 214
321177 216 232
321177 234 247
321177 249 321
321177 323 365
321177 367 455
321178 5 78
317087 43 177
317087 213 222
317087 257 852
317089 1 1003
323526 1 248
323526 253 466
321218 49 962
321219 1 934
321221 1 40
321230 41 124
321231 1 59
321232 1 30
321233 1 727
321262 1 4
315689 24 1127
315689 1180 1186
315690 10 654
317182 47 63
317182 65 1424
321283 48 357
321294 1 62
321295 1 307
321295 309 316
321295 318 384
321295 390 394
321295 396 604
321295 606 616
321295 619 646
321295 649 690
321295 693 754
321296 1 24
321296 34 41
321296 44 67
321305 20 2600
321305 2605 2651
317212 36 175
317213 1 375
321311 1 10
321312 1 768
321313 1 408
315974 1 71
317338 66 107
315363 1 35
315363 37 47
315363 49 67
315363 69 80
315363 82 90
323414 1 46
323423 1 136
319337 48 2240
317291 34 824
317292 1 330
317297 1 283
317297 347 760
319347 40 690
321396 1 1475
321397 1 365
315257 1 88
315257 91 92
315259 1 172
315264 32 261
315265 4 58
315267 1 244
321414 31 1283
317319 44 182
317320 1 326
317320 333 411
317320 413 1827
323470 38 172
323470 176 218
323470 223 266
323471 1 238
323472 1 64
323473 1 227
323474 1 355
323475 1 77
321431 30 189
321432 1 47
321433 1 125
321434 1 642
317339 1 163
317340 1 418
323487 42 177
323487 184 498
323488 1 514
323488 555 734
323488 738 793
323492 1 33
323493 1 144
323495 1 187
319698 1 312
316060 1 935
321457 43 451
321457 453 1888
321461 1 149
315322 23 118
315322 122 1354
321475 50 518
321475 526 2084
323524 25 561
323525 1 91
323525 97 1126
317382 58 128
317383 1 58
315339 37 654
317391 39 46
317392 1 1116
317392 1119 1900
319449 35 559
319449 562 734
319450 1 287
319450 290 683
315357 44 732
315357 736 770
315357 780 831
319456 138 346
315361 40 619
319459 1 78
315366 10 61
315366 67 750
319486 38 103
317435 1 1397
317438 1 68
317438 71 309
