316758 11 1609
319503 1 317
315420 28 920
315420 924 942
315420 954 1748
317475 33 89
317475 105 115
319524 36 1459
319526 1 282
319528 1 259
317484 1 448
317484 467 514
317484 519 545
317488 1 844
315543 55 171
317527 41 1487
319579 41 3168
315488 42 843
315489 1 653
315489 672 709
315490 1 24
315506 13 100
315510 1 345
315512 1 1122
319625 17 206
317591 43 334
315555 22 97
315556 1 26
315557 1 279
319656 51 310
319657 1 167
319658 1 225
319659 1 87
321710 1 57
321908 43 472
317626 40 2045
319678 36 294
319687 46 90
317640 29 829
317641 1 1390
317648 45 139
319697 47 482
319697 490 490
317650 1 1304
321755 33 361
321755 363 470
321755 472 473
321755 475 487
321755 489 729
317661 35 1256
317663 1 858
319913 1 56
317478 1 23
322599 43 294
321776 1 12
321776 15 19
321776 30 45
321777 1 81
321777 83 169
321777 174 176
321777 192 207
321778 8 150
317683 83 402
321780 1 332
321780 336 338
321780 342 346
321780 351 357
321780 359 360
321780 362 371
321780 374 383
321780 392 412
321780 414 420
321780 422 493
321780 496 499
321780 502 503
321780 505 508
321780 517 518
315640 46 87
315641 1 4
315642 1 92
315644 1 184
315645 1 40
315645 47 390
315645 395 565
315645 567 594
315646 1 1033
315647 1 58
315648 1 110
319756 44 1966
321415 1 804
321813 32 352
321815 1 23
321817 1 536
321818 1 690
321820 1 214
321831 25 781
321832 1 389
321832 403 510
321833 1 407
321834 1 333
315702 38 113
315703 1 545
315704 1 61
315705 1 700
315713 35 359
315713 374 385
315713 400 1123
315721 33 50
315721 56 626
321879 39 47
321879 50 52
321879 55 68
321879 71 73
321879 77 89
321879 93 95
321879 99 111
321879 114 116
321879 120 132
321879 136 138
321879 141 154
321879 157 159
321879 163 175
321879 178 181
321879 185 197
321879 200 202
321879 207 218
321879 222 356
321880 1 41
321880 44 132
315741 34 92
321887 54 948
319840 41 388
319841 1 167
319847 49 51
319848 1 53
319849 1 492
319851 1 4
319853 1 40
319853 47 262
319854 1 225
315764 37 309
321909 1 208
321909 210 1654
315770 39 332
321917 4 156
321917 164 808
321919 1 6
315784 29 33
315784 40 156
315784 158 161
315785 1 198
315785 201 305
315786 1 72
321933 43 232
321933 235 326
315790 1 716
315790 718 922
320920 1 178
315800 41 621
315801 1 344
319908 1 40
319908 43 53
319909 1 7
319910 1 983
321960 18 47
321961 1 354
319914 1 32
319915 1 416
321973 37 746
321973 748 968
321973 972 1253
321975 1 866
315840 33 1154
321988 45 996
321988 1106 1486
319941 43 298
319942 1 50
319950 38 205
322013 14 22
322014 1 17
322022 42 185
322022 201 1805
319912 1 59
319991 46 882
322040 32 70
319993 1 955
320002 52 192
320006 1 34
320006 36 341
322057 38 58
320010 1 330
320011 1 302
320012 1 99
322068 51 724
320023 17 292
320024 1 410
320025 1 113
320026 1 204
322079 39 200
322079 216 393
322079 409 428
320038 43 663
320039 1 30
320040 1 737
322106 48 871
320059 1 105
320060 1 42
320061 1 49
320062 1 21
320063 1 64
320064 1 200
320065 1 920
315973 39 240
315973 262 914
322118 1 516
322118 530 874
322201 39 266
316058 42 405
316059 1 321
316059 323 567
322204 1 280
322204 282 301
322204 303 331
322204 337 1143
316061 1 23
316061 194 206
316062 1 4
321990 1 471
322222 1 526
316082 37 407
322252 42 1586
316110 1 210
316111 1 48
316113 1 64
316114 1 777
316114 779 1562
316153 1 770
322317 48 101
322319 1 163
322322 1 170
322322 267 1205
322324 1 416
316186 38 81
316187 1 1091
316187 1093 1100
316187 1207 2077
322332 37 1055
316199 33 1197
316200 1 10
316201 1 498
316202 1 403
322348 40 1505
322355 36 137
322356 1 779
316216 25 466
316217 1 264
316218 1 1008
316219 1 283
322381 45 577
321434 1 642
316239 38 626
316240 1 1224
316241 1 325
322407 46 582
316271 36 121
322430 46 501
322431 59 1166
319639 31 1509
322480 60 408
322492 1 1386
316361 22 124
316361 126 131
316361 133 135
316361 137 137
316361 139 142
316361 144 145
316361 147 147
316361 149 159
316361 161 174
316361 176 178
316361 180 189
316361 191 197
316361 199 208
316361 210 223
316362 1 208
316362 210 212
316362 214 225
316362 227 242
316362 244 269
316362 271 319
316362 332 392
316362 394 395
316362 397 402
316362 404 404
316362 406 410
316362 412 412
316362 414 418
316362 420 428
316362 430 450
316363 1 39
316363 41 49
322510 37 45
319992 1 264
316377 19 19
316377 21 40
316378 1 29
316379 1 70
316380 1 708
316380 714 1213
316455 36 71
316457 1 1454
322602 1 69
322602 72 72
322603 1 10
322605 1 280
316469 17 444
316470 1 322
316472 76 333
322617 1 601
322625 41 484
322625 492 1167
322633 1 249
316505 44 205
316505 207 921
316505 923 1364
316569 20 703
316569 742 1945
320673 35 901
320674 1 599
317297 1 283
317297 347 760
321735 1 146
316590 17 526
320688 49 531
319348 1 37
319349 1 148
316613 49 241
316615 1 338
320712 39 242
317649 1 621
319698 1 312
320757 51 382
316666 1 981
316667 1 197
316700 46 346
316700 388 397
316701 1 479
316702 1 388
320804 46 1274
315270 1 633
320807 1 7
320809 1 716
316715 33 45
316716 1 181
316717 1 192
316718 1 311
316719 1 91
316719 100 144
316720 1 182
316721 1 15
316722 1 751
316723 1 64
320821 41 221
320822 1 523
320823 1 360
320838 93 357
320840 1 471
320841 1 205
320853 41 369
320854 1 125
320855 1 565
320856 1 159
320857 1 272
320858 1 230
320859 1 40
316766 51 1920
316766 1922 2199
318828 54 123
320887 49 321
320888 1 26
322113 48 159
320916 2 25
320917 1 1926
318872 16 287
318874 1 320
318876 1 161
318877 1 615
320933 40 214
320934 1 831
320936 1 407
321436 1 710
320941 1 93
316876 34 38
316876 40 644
316877 1 164
316877 171 401
316879 1 156
320980 44 142
320995 26 214
320996 1 380
321004 39 188
321005 1 61
321006 1 162
321007 1 831
321009 1 85
321010 1 342
321011 1 213
321012 1 35
321012 190 201
316928 40 188
317696 38 682
321051 58 1179
321055 1 302
321055 304 326
321055 328 340
321055 368 759
321067 39 225
321067 232 639
321068 1 715
321069 1 313
316985 33 503
316993 44 254
316994 1 14
316995 1 623
321119 45 214
321121 1 47
321122 1 395
321124 1 819
319077 52 92
321126 1 493
321134 33 70
321138 1 741
321140 1 798
321149 35 1424
321149 1426 1476
321149 1478 1553
321149 1558 1576
321149 1578 1588
321149 1591 1743
321166 1 10
321167 1 141
321167 143 143
321167 145 510
321167 512 552
321167 554 691
321167 693 923
317080 41 66
321178 5 78
317087 43 177
317087 213 222
317087 257 852
317089 1 1003
321218 49 962
321219 1 934
321221 1 40
321230 41 124
321231 1 59
321232 1 30
321233 1 727
321262 1 4
315689 24 1127
315689 1180 1186
315690 10 654
317182 47 63
317182 65 1424
321283 48 357
321294 1 62
321305 20 2600
321305 2605 2651
317212 36 175
317213 1 375
321311 1 10
321312 1 768
321313 1 408
315974 1 71
315363 1 35
315363 37 47
315363 49 67
315363 69 80
315363 82 90
317279 43 508
319337 48 2240
317291 34 824
317292 1 330
321393 1 127
321393 134 148
319347 40 690
321396 1 1475
321397 1 365
315257 1 88
315257 91 92
315259 1 172
315264 32 261
315265 4 58
315267 1 244
321414 31 1283
317319 44 182
317320 1 326
317320 333 411
317320 413 1827
321431 30 189
321432 1 47
321433 1 125
317338 66 107
317339 1 163
317340 1 418
316060 1 935
321457 43 451
321457 453 1888
321461 1 149
315322 23 118
315322 122 1354
321475 50 518
321475 526 2084
317382 58 128
317383 1 58
315339 37 654
317391 39 46
317392 1 1116
317392 1119 1900
319449 35 559
319449 562 734
319450 1 287
319450 290 683
315357 44 732
315357 736 770
315357 780 831
319456 138 346
315361 40 619
319459 1 78
315366 10 61
315366 67 750
319486 38 103
317435 1 1397
317438 1 68
317438 71 309
