305178 69 124
305179 1 21
305180 1 9
305181 1 8
305182 1 8
305183 1 231
305183 262 266
305184 1 8
299042 33 55
305188 1 1002
305202 74 132
305202 136 729
305204 1 1229
299061 38 355
299062 1 163
299062 166 303
305207 52 1077
305208 1 372
299065 13 248
299065 251 342
299067 1 459
305234 52 99
305236 1 23
305237 1 16
305237 18 1147
301142 1 897
299096 2 97
297050 12 137
297050 193 776
305247 57 433
297056 12 203
297057 1 4
297057 14 105
297057 112 377
297057 385 418
297057 424 509
297057 516 906
305252 1 548
301161 36 805
301165 1 145
301417 50 367
301179 35 59
301180 1 97
301183 3 10
301183 13 303
305282 75 207
297099 24 62
297100 1 15
297100 21 369
297100 375 381
297101 1 668
297101 673 697
297101 700 856
297101 862 937
297101 943 1101
297113 1 204
297113 211 252
297114 1 99
297114 106 161
305310 60 157
305310 163 458
305311 1 153
305312 1 227
305313 1 741
305314 1 404
297670 21 34
299178 37 56
299178 58 111
299180 5 98
299184 1 561
299185 1 120
305336 36 241
305338 1 107
305341 1 503
305349 1 34
305350 1 21
305351 1 868
305186 1 112
305186 120 422
305358 91 231
305358 233 253
305364 50 147
305365 1 668
305365 676 832
305366 1 721
305366 724 756
305366 769 1254
297175 1 85
297176 11 120
297176 125 214
297177 1 162
297178 1 54
297178 59 334
297178 342 749
297178 754 967
297178 972 1037
297178 1043 1264
297178 1272 1282
297178 1290 1385
305376 71 168
305377 9 1292
305377 1294 1383
305377 1386 1525
301283 3 886
301298 45 949
305405 44 536
305405 573 575
305406 1 394
305406 401 520
305406 528 535
305406 540 1475
297215 1 47
297218 1 27
297219 1 80
297219 85 281
297219 288 579
297219 585 916
297219 921 1429
297219 1436 2004
297219 2010 2638
297224 10 19
297224 24 138
297225 1 32
301323 35 474
301323 477 990
301330 22 353
306048 1 140
305440 20 291
305441 1 121
301359 33 319
299327 1 72
299329 1 172
301384 1 476
297292 1 125
297292 130 131
297292 136 667
297292 675 753
297293 1 121
297293 127 150
301391 38 214
301392 1 627
299064 7 85
301396 1 33
301397 1 228
301397 231 517
301397 519 728
301398 1 9
301399 1 108
297308 1 44
299368 37 175
299369 1 303
299370 1 7
299370 47 705
305516 46 518
305516 558 639
305517 1 163
305518 1 1134
299380 34 227
299381 1 45
299394 5 33
299395 1 187
299396 1 81
301447 86 96
301447 99 400
301447 404 512
301448 1 329
301449 1 404
301450 1 173
297359 39 70
297359 164 180
301461 28 581
299420 2 50
301472 35 830
301475 1 18
301476 1 844
305586 53 583
299443 145 164
305589 1 691
305590 1 500
305590 517 1020
299450 39 88
297411 32 737
297411 740 800
297411 807 950
301519 42 250
297424 32 149
297425 1 107
297425 112 157
297426 1 28
297426 34 84
297426 90 111
301524 1 110
301524 117 263
297429 1 72
297430 1 199
297431 1 49
297431 55 64
297431 71 188
297432 1 112
299481 1 196
299481 199 236
299481 260 479
299481 487 940
299481 943 1037
299481 1061 1257
297434 1 161
297435 1 94
301532 1 611
305636 60 339
305636 342 667
305636 671 2390
297467 50 138
297468 1 74
297469 1 4
297469 9 70
301567 14 372
297483 37 68
297483 71 201
297483 206 214
297484 1 47
297484 53 208
297484 214 214
297485 1 16
297485 23 253
297485 258 299
297485 302 314
297485 321 420
297486 1 74
297486 79 598
297486 603 625
297487 1 433
297487 439 491
297487 495 603
297487 609 613
297488 1 73
297488 80 424
297503 5 275
297503 282 559
297503 566 606
297503 612 635
297503 642 772
297503 777 779
297504 1 41
297504 125 136
297505 1 394
300466 1 650
301627 57 943
305248 1 957
299593 95 177
299593 179 896
299594 1 317
299595 1 134
299595 138 138
299597 3 91
299597 93 540
297557 8 28
297557 67 113
297557 119 167
297557 173 174
297557 180 394
297558 9 266
297562 1 69
297562 120 369
297563 1 254
297563 260 264
301664 28 445
301665 1 294
301665 319 487
305766 55 902
301694 36 102
297599 1 169
297599 211 225
297599 230 312
297599 319 385
297599 395 407
299649 151 332
297603 1 420
297604 1 126
297604 131 272
297604 279 375
297604 381 407
297605 1 6
297605 13 20
297605 24 89
297605 95 223
297605 257 407
297606 1 94
297606 99 231
305809 56 197
297620 32 318
305814 85 689
305814 692 978
305814 980 1074
305814 1077 1912
305821 59 830
305832 87 266
305840 1 1144
305842 1 862
297656 64 116
297656 123 135
297656 140 230
297656 269 307
297656 313 330
297656 341 388
297656 393 433
297665 1 153
297665 159 209
297665 214 279
297666 1 11
297666 17 81
297666 86 121
305862 81 705
297674 3 102
297674 108 188
297675 1 123
297675 129 239
297675 244 328
297675 334 467
297675 470 471
303825 1 180
303832 54 1334
303832 1338 1913
303838 54 54
303838 83 2044
305898 70 780
305902 53 521
297722 55 160
297722 165 353
297723 1 13
297723 51 222
299477 39 42
299477 82 87
299478 1 175
299479 1 123
303885 60 2052
299480 1 6
299480 8 715
297433 1 159
302328 42 722
301530 1 110
301531 1 394
305967 1 32
303948 55 1678
299149 29 470
302563 40 46
301912 43 52
301912 101 422
301913 1 58
301914 1 350
302565 1 7
306029 63 96
306030 1 110
306036 60 63
306037 1 49
306038 1 139
306041 1 320
306042 1 371
303998 58 319
303999 1 751
304000 1 56
306049 1 358
306051 1 415
301959 30 1938
301960 1 147
301970 6 123
301984 17 317
301985 1 367
301986 1 381
301987 1 1128
306091 422 629
306092 1 588
306092 593 976
301997 37 407
301998 1 1704
306095 1 300
304062 54 2014
302019 34 86
306121 57 152
306122 1 127
302029 1 98
306126 1 497
302031 1 401
302031 403 446
302031 448 675
302031 678 818
302033 1 40
302033 44 46
302034 1 20
302037 18 20
306134 53 84
306135 1 1095
302040 1 174
302041 1 72
302042 1 523
306139 1 1112
306153 78 165
306154 1 251
306154 253 691
306154 709 1233
306155 1 1440
304119 71 138
304119 143 150
304120 1 253
306169 1 745
306170 1 22
306171 1 503
304125 1 1769
304144 76 2596
304144 2598 2656
304158 165 1750
304158 1752 2087
304169 50 1714
304169 1731 1733
304170 1 620
302131 71 943
300087 36 59
300087 61 126
300087 128 216
300087 218 239
301529 1 49
304199 10 18
304200 1 321
300105 1 21
300106 1 74
300107 1 28
300107 30 47
304204 55 607
302159 33 140
304209 52 98
304209 100 133
304209 135 157
304209 176 253
304209 255 477
302163 32 671
302163 674 1230
300558 8 548
302166 1 16
300122 46 730
300122 735 924
300122 927 1295
300123 1 384
300123 387 612
300155 35 1229
300156 1 72
300157 9 1107
302225 54 133
302225 136 923
302228 58 78
302228 81 293
302229 1 457
302240 1 960
304291 56 85
304292 1 1125
304292 1183 1779
304292 1781 1811
302262 37 471
302263 1 1250
300575 1 82
301941 31 568
304672 1 60
300226 43 448
302277 15 17
302277 22 192
302277 194 391
302279 1 71
302280 1 152
300233 43 162
300234 1 59
300235 1 187
300236 11 187
304333 74 1653
300238 30 58
300238 62 329
300237 1 713
300237 716 717
300240 1 7
300240 11 46
300240 51 362
300239 1 145
300239 148 167
300239 171 213
304354 82 295
304366 44 1387
304366 1390 1396
304366 1399 1402
304366 1404 1407
304366 1409 1412
304366 1414 1416
304366 1419 1421
304366 1424 1873
302322 33 870
306419 1 62
306420 1 108
306422 9 126
306423 1 333
300280 52 56
300280 61 69
300280 73 150
300280 155 165
300280 178 198
300280 207 222
300280 226 251
300280 255 268
300280 275 345
300280 349 370
300280 381 548
300280 553 607
300280 617 639
300280 663 691
300281 3 8
300282 1 9
300282 13 59
300282 73 92
300282 97 114
300282 142 151
300282 156 186
300283 1 34
300284 1 22
300284 38 47
300284 50 82
300284 90 98
300284 108 130
300284 133 152
300284 156 250
300284 260 414
300284 420 561
300284 568 585
300284 590 680
300284 691 751
306432 1 339
302337 27 162
302342 19 72
302343 1 98
302344 3 482
302350 1 136
306454 13 101
306455 1 11
306456 1 237
306456 239 787
306457 1 31
306458 1 17
306458 20 35
306458 37 41
306458 43 47
306458 49 53
306458 56 60
306458 62 66
306458 68 72
306458 74 77
306458 79 83
306458 85 89
306458 93 102
306458 104 108
306458 110 114
306458 116 120
306458 122 126
306458 129 139
306458 141 145
306458 147 151
306458 153 166
306458 169 173
306458 175 179
306458 181 185
306458 187 191
306458 193 197
306458 200 210
306458 212 216
306458 218 222
306458 225 229
306458 231 235
306458 237 241
306458 243 247
306458 249 249
306458 252 256
306458 258 268
306459 1 512
306459 514 2275
306460 1 73
302388 27 157
302388 164 717
302392 45 407
302393 1 887
304446 40 92
304446 110 111
304447 1 534
304447 540 1644
304451 1 60
301281 38 157
300364 27 46
300365 1 20
300366 1 21
300367 1 20
300368 1 20
300369 1 20
300370 1 20
300371 1 20
300372 1 8
300373 1 21
300374 1 21
300375 1 93
300389 1 1
300389 4 5
300389 8 8
300389 11 20
300389 23 39
300389 60 149
300390 2 21
300391 1 21
300392 1 21
300393 1 20
300394 1 21
300395 1 20
300396 1 20
300397 1 20
300398 1 20
300399 1 20
302448 21 312
302448 317 442
302448 445 483
302448 486 1926
300401 19 673
304505 60 86
304506 1 370
304507 1 239
304508 1 1324
302472 28 808
302473 1 368
302473 398 406
302474 1 305
302475 1 7
302476 1 259
302479 30 222
302479 225 340
302484 8 176
302485 1 922
302492 10 21
302492 23 59
302493 1 7
302494 1 618
300459 40 332
306418 1 33
306418 35 75
300462 1 97
300463 1 124
300464 1 103
300464 126 265
302513 37 89
304562 52 56
304562 60 848
300467 1 563
302522 29 46
302523 1 59
302525 1 677
302525 747 778
302526 1 582
300497 26 175
302548 40 124
302551 1 7
302553 1 188
302554 1 7
302555 1 11
300514 38 150
300515 1 838
300515 957 1013
300516 1 111
300517 1 8
300517 103 623
304616 52 223
304616 227 740
304616 747 1002
302572 6 291
302573 1 693
302573 730 1285
304625 73 536
304626 1 8
302596 47 534
302596 545 705
302596 710 986
302597 1 1054
304654 53 704
304655 1 1194
300560 1 640
300560 645 844
304661 53 67
304661 69 143
304661 147 173
304661 175 198
304661 237 240
304662 1 150
304663 1 689
300574 15 111
304671 51 1193
300576 7 123
300576 125 1206
302634 37 73
302634 75 123
302634 125 129
302634 133 165
302634 168 175
302634 177 216
302634 218 358
302634 361 375
302634 378 404
302634 407 423
302634 425 503
302634 505 578
302634 581 594
302634 596 638
302635 1 22
302635 24 28
302635 30 39
302635 41 53
302635 55 132
302635 134 144
302635 146 265
302635 267 271
302635 274 344
302635 347 357
302635 359 375
302635 378 384
302635 386 414
302635 416 494
302635 497 608
302635 611 634
302635 637 684
302635 687 706
302635 708 724
302635 726 901
302635 904 954
302635 957 982
302635 984 1072
302635 1075 1124
302635 1126 1129
302635 1132 1206
302635 1209 1234
302635 1236 1291
302651 1 149
302654 1 317
297227 9 192
302661 1 72
302663 1 706
300631 41 49
300631 63 66
300631 75 226
300632 1 21
300633 1 447
300635 1 23
300635 26 176
300636 1 335
300636 338 1572
304737 69 149
304738 1 1681
304739 3 16
304740 1 278
300673 41 47
300673 49 49
300673 52 56
300673 59 66
300674 1 33
300675 1 33
300676 1 26
304776 49 98
304777 1 431
304777 438 510
304778 4 1300
304797 28 87
304797 91 306
304797 308 377
304797 385 1202
304797 1205 2950
300117 35 67
302026 24 53
302026 66 72
301141 25 31
300742 56 343
306125 1 756
306125 770 2642
306125 2667 3007
302165 1 85
300777 21 509
300780 3 341
300785 1 549
300785 552 750
300785 752 1201
300785 1219 1272
297598 17 17
297598 22 33
300461 1 98
302038 10 10
300806 36 214
300811 6 508
300812 1 59
300816 6 161
300817 1 33
300817 36 74
300817 80 383
300817 410 493
306138 1 1298
302043 1 228
302509 73 92
305044 3 203
305044 302 306
305044 309 310
305044 313 313
305044 318 330
305045 1 873
305046 1 667
305046 671 686
305059 63 518
305059 520 575
305062 1 8
305063 1 35
305064 1 2045
305081 52 1107
300400 1 677
305112 68 1527
305113 9 72
305114 1 526
297296 1 236
297296 240 401
297296 406 418
297296 425 497
301393 2 18
298996 33 216
298997 1 37
298997 47 47
301046 162 223
299000 4 77
