276584 1 2
279694 1 2235
276586 2 658
276586 680 773
276587 1 1006
279691 71 113
276581 79 444
276582 1 871
276583 1 52
275886 73 109
276361 1 161
276361 169 208
276361 210 800
276361 802 833
276363 1 140
276363 142 238
276363 242 1482
279823 61 395
284040 1 33
284041 1 44
284042 1 129
284043 1 205
284043 210 224
284044 1 30
274421 1 342
274420 94 268
274422 1 2207
280191 1 781
280191 783 866
280191 869 900
280194 1 238
277180 88 228
275125 1 989
275124 106 106
275124 108 431
277166 77 186
277166 188 431
273425 62 352
273425 354 733
277168 1 1708
277168 1711 1822
277168 1824 2223
275066 1 96
275067 1 392
277981 82 83
277981 85 163
275309 55 617
283876 65 211
283876 215 724
283877 1 1496
275068 1 915
274344 1 632
282807 1 326
282800 1 377
283408 1 27
283408 29 2088
283408 2098 2125
283408 2203 2416
283408 2528 2542
273725 83 252
273725 254 2545
274160 1 207
274161 1 516
273728 1 100
278805 3 26
278805 30 167
278805 170 193
278805 196 280
278805 283 284
278805 288 288
278804 1 4
278803 1 87
278803 91 133
278803 135 297
278803 299 323
278802 1 17
278801 48 85
278962 68 408
278963 1 23
278963 25 175
279794 77 1100
276092 74 149
275767 1 4
276543 1 638
276543 643 952
276544 2 161
276097 1 507
283059 1 125
283059 127 451
283052 1 111
283050 1 212
280330 1 857
278240 1 64
278240 70 113
278240 115 1121
278240 1123 1296
278240 1299 1309
275344 76 356
275847 1 2263
278345 84 500
278345 503 831
278346 1 117
278349 1 401
278349 403 612
278349 632 633
276244 3 1202
276243 1 15
276243 18 480
276243 482 611
276242 1 7
276242 18 61
276242 72 1664
280349 1 247
280349 252 623
280349 626 626
277305 62 744
278986 71 199
274345 1 170
283453 83 537
283478 76 303
283478 324 969
275345 1 353
276437 63 224
276437 227 1074
276437 1076 2190
273503 1 598
273502 73 256
273502 258 318
273502 320 813
273502 815 1064
277127 1 438
277127 440 902
277126 42 59
276808 1 875
276807 66 220
280017 1 608
275931 1 14
275931 19 89
280015 1 39
280015 41 56
280015 59 554
280015 560 580
280013 1 25
282923 1 17
282923 19 30
282923 32 36
282923 38 39
282923 41 86
282923 88 224
282922 1 131
282842 1 80
284006 73 390
281976 1 2166
281975 1 215
280018 1 1281
283270 76 573
283270 576 1502
283270 1504 1888
283270 1890 1912
276935 79 184
276935 186 838
276935 842 906
275337 1 427
283820 67 1548
281613 101 128
281613 130 130
281613 133 133
281613 135 139
281613 143 256
281613 258 903
275338 1 520
279667 68 1033
281726 1 288
281727 1 1605
283308 1 547
283308 549 571
283308 573 895
283308 897 948
283306 1 289
283307 1 153
283307 156 456
283305 79 85
279760 68 578
279760 585 728
279767 1 776
280016 1 149
282712 1 1
282712 10 68
282710 1 2
282710 8 8
275659 1 17
275658 1 337
274319 1 225
274251 1 546
274317 1 3
274316 1 959
274315 1 424
274314 97 97
274314 99 158
273158 1 1279
279993 85 156
279588 100 1259
279994 1 47
283934 1 784
283934 793 870
283934 875 1245
283934 1267 1291
274388 1 1820
274954 37 37
274954 39 57
283964 1 388
275890 1 1393
280242 1 411
280242 414 627
274382 94 144
276501 4 221
276501 223 2547
276502 2 741
274387 88 439
278874 1 273
278874 275 478
278017 77 97
278017 99 213
278017 215 512
278017 514 589
278018 1 263
278018 265 422
278018 424 615
278018 617 627
278018 642 1011
278018 1020 1181
280024 1 427
273449 1 214
279684 1 22
280020 1 45
278820 17 1533
280188 1 245
274440 92 493
273447 1 113
273447 115 412
280187 4 60
278308 87 216
278308 219 587
278308 589 680
278308 683 1200
278308 1217 1410
278308 1413 1848
278308 1880 1880
274283 2 19
274339 1 29
274339 31 31
274339 33 33
274339 35 93
274338 1 698
276870 78 1354
276870 1356 3108
276870 3111 3258
276870 3260 3484
275074 1 442
275074 444 647
275073 1 517
275370 81 365
275371 1 22
275371 28 569
275376 1 2667
275376 2669 3096
283865 1 1177
275375 127 1449
277087 204 1191
282814 1 1843
275782 1 131
275782 133 762
278873 70 129
281641 1 319
273448 1 391
278875 1 210
278875 212 834
273446 1 33
274241 1 1152
274241 1161 1176
278976 1 20
278975 1 475
278975 477 745
278975 747 850
280249 1 486
280249 488 1433
278406 85 360
278406 362 1682
281797 125 2176
283049 82 93
283043 1 105
283043 108 519
283042 1 6
279653 77 77
279653 82 261
279654 1 108
279654 110 1231
279654 1285 1299
279656 1 43
278274 1 18
278274 20 85
279658 1 689
279658 691 713
278273 75 110
283885 1 1723
283884 349 504
283884 509 756
274172 31 95
275761 1 9
279715 71 474
279715 476 477
279715 480 480
279715 511 511
279715 523 691
279716 1 860
279716 875 1528
279716 1530 1653
279975 70 190
279975 192 253
279975 256 281
279975 283 709
279975 734 1121
278290 1 11
276585 1 238
276585 241 242
276585 245 246
276659 1 127
276659 129 252
276655 1 593
276655 595 1106
276653 72 550
276834 1 720
276831 64 755
276831 761 2702
282917 117 157
282917 159 191
282918 1 51
282919 1 243
275923 3 53
275923 63 64
275923 66 126
280385 1 519
280385 523 569
280385 574 1187
280385 1189 1533
280385 1536 2022
280384 2 34
273402 100 292
273403 1 53
273406 1 112
273404 1 18
273405 2 25
277069 81 265
277069 267 390
273408 1 6
273409 1 309
280364 1 370
280364 372 617
280364 619 619
280364 621 1090
280364 1102 1363
279116 38 485
280363 1 359
279115 118 524
281693 1 2191
283548 145 288
277112 1 155
283469 74 74
283407 82 114
274146 1 67
279029 1 260
273493 1 233
273492 71 71
273492 73 282
273492 284 325
273492 327 338
273494 1 192
278822 1 1627
282708 1 8
282037 1 457
282037 459 1862
274244 1 607
282035 1 40
282034 1 33
282033 82 117
274240 1 40
274240 42 82
276283 3 1087
276282 75 534
276282 537 1142
274968 1 1192
274969 1 1003
278366 1 453
284037 1 340
275963 82 139
275963 141 172
279766 1 1689
278310 1 32
278310 34 709
279931 84 628
279931 630 743
279931 746 801
279931 803 1043
279931 1045 3022
278315 73 254
278315 256 661
278315 663 767
278969 70 511
278969 514 1051
278969 1053 1291
278969 1293 1397
278969 1399 1460
276946 1 27
276947 1 89
276947 91 126
276947 135 141
276940 70 213
277148 83 190
277148 193 700
275284 1 74
276948 1 474
275283 1 132
280327 49 85
277094 1 161
277094 164 584
277096 1 1309
277096 1311 2086
278167 87 394
278167 397 1153
278167 1155 1660
278167 1662 1707
278167 1709 2258
275912 1 289
275913 1 475
275911 62 298
275911 300 354
275911 356 440
278808 1 445
278808 447 462
278808 464 1793
275918 1 318
275918 348 361
283353 80 822
283359 1 428
283358 1 243
283358 245 981
280251 1 165
280251 167 372
274999 1 1241
274998 64 782
273450 1 214
273450 219 647
275921 1 2
275921 4 5
275921 17 20
274200 1 678
274199 1 623
274198 81 191
274250 1 701
278509 91 1557
283283 4 1668
283283 1670 1748
278769 75 104
277076 1 3
277076 5 7
277076 9 35
277076 38 1037
283933 88 232
275657 1 105
274335 60 1003
274442 1 752
274337 3 17
274336 1 14
279682 1 29
279682 33 34
279682 37 38
279683 1 26
279681 77 104
279966 79 441
278289 1 42
278289 44 52
278288 67 81
281639 1 132
277070 1 309
277070 311 1059
276527 1 214
276525 88 469
276525 471 1606
276525 1626 2893
276528 4 394
276355 1 33
276458 1 341
275000 1 136
275001 1 1781
275001 1786 2061
276454 1 527
282092 92 222
282092 624 2276
277194 113 139
277194 144 497
277194 500 1115
277194 1117 1312
277194 1320 1749
277194 1754 2067
277194 2070 2070
279844 72 295
279841 75 398
279841 407 2122
276542 74 857
273411 1 29
273410 1 90
275282 91 180
277073 1 90
277072 1 253
277072 256 466
277071 1 82
277071 90 178
276545 2 110
276545 117 213
275310 1 1929
275311 1 1253
277991 1 98
277992 1 260
277992 262 312
275319 141 282
273554 77 437
273555 1 173
283416 49 151
283416 154 245
274094 108 332
273730 1 1814
273730 1820 2126
274157 105 534
278957 79 227
281707 99 982
281707 1000 1065
273302 1 459
274955 1 91
278239 76 339
278239 341 558
278239 560 740
282734 1 327
282735 1 642
282735 645 1232
282735 1235 1823
282730 89 164
282731 1 172
282732 1 69
282733 1 177
275778 1 305
275776 1 140
275777 1 300
275774 1 311
275774 315 315
275772 1 56
275773 1 7
279080 68 224
283946 85 1448
283946 1450 1462
274971 1 905
274970 1 47
276318 3 103
276318 106 570
276315 40 175
276315 178 217
276317 3 138
279024 82 382
274159 1 43
276384 2 1117
278770 1 767
284014 1 266
276776 1 1823
276775 96 1260
279887 79 221
279887 225 397
276950 1 2353
277420 84 84
277420 86 291
277420 293 346
284025 110 157
275291 1 347
275290 96 143
275293 1 142
275293 144 201
275292 1 121
276794 1 885
275059 78 81
275059 105 137
276810 1 287
276811 1 1270
276811 1272 2563
274284 1 210
284029 1 112
274286 1 154
274441 1 431
284035 1 360
278175 1 88
284036 1 140
284036 143 348
284039 1 30
284038 1 55
276495 87 268
279071 71 244
283830 1 722
283834 1 67
283834 69 82
283835 1 14
283835 16 112
283682 1 384
283681 1 17
283680 1 81
283685 1 314
279685 1 93
279685 95 209
280383 64 65
275833 1 53
275833 56 115
275833 117 251
275832 1 367
275835 1 13
275834 1 297
275837 1 186
275837 198 726
275836 1 429
275836 431 1163
275836 1166 1170
275836 1184 1293
278923 55 467
279479 86 190
278193 77 231
275920 5 463
